1000
285 966
257 851
169 60
206 65
723 197
784 868
988 422
684 217
444 169
971 238
303 234
972 959
840 311
174 903
918 457
114 802
210 421
3 325
708 348
16 827
379 411
195 370
2 156
315 543
581 678
386 960
417 527
329 390
132 160
852 178
257 873
67 654
575 797
816 550
362 551
957 343
222 770
847 652
466 308
407 23
82 707
879 31
625 10
1 412
794 168
412 86
719 816
873 297
712 354
665 994
598 16
714 291
877 4
551 280
543 818
784 176
351 101
173 40
134 301
596 308
924 453
492 740
398 483
982 610
207 473
849 20
630 919
872 598
87 645
92 142
836 626
651 725
907 876
207 700
972 329
356 12
553 162
995 163
272 660
88 379
847 17
376 26
148 344
485 368
381 83
966 958
649 454
280 83
859 515
733 364
995 822
590 792
979 505
310 401
15 952
42 389
109 846
794 351
441 268
535 308
744 785
706 883
739 600
194 27
726 490
306 860
172 772
909 136
698 650
790 996
206 784
329 483
24 298
770 560
141 201
403 237
913 205
25 894
64 44
136 197
408 377
919 927
727 36
335 881
145 194
714 888
431 356
187 140
342 985
434 140
898 73
458 551
226 478
312 946
406 262
324 111
301 886
755 453
780 315
218 497
232 301
760 504
134 609
297 602
55 145
734 5
756 499
192 610
763 92
384 564
512 869
63 717
620 9
730 190
390 626
561 982
259 919
293 931
736 228
911 591
755 565
991 797
714 374
317 939
346 882
496 223
109 824
887 78
959 252
53 983
727 653
345 539
677 705
161 696
755 315
568 46
906 119
993 38
929 195
11 794
346 418
635 892
744 697
345 685
42 506
84 660
160 892
403 555
934 902
601 83
689 391
389 201
985 214
101 739
305 47
60 113
590 513
206 835
696 497
531 290
872 434
92 843
631 139
922 472
912 933
795 301
815 258
131 374
486 249
39 567
670 426
183 444
349 302
655 996
446 291
761 117
718 109
96 365
760 111
977 949
760 959
68 256
281 690
748 926
76 131
503 884
49 89
282 319
602 726
584 56
829 924
589 634
641 13
573 986
920 417
581 27
942 150
12 946
92 570
587 658
891 965
344 740
85 44
386 998
541 344
128 159
903 288
604 613
91 826
875 492
856 747
196 64
787 183
791 422
679 752
811 59
900 986
499 32
978 51
597 834
870 394
152 950
590 981
490 179
234 95
98 956
20 418
621 715
562 925
549 614
639 971
693 606
843 229
3 722
856 312
428 883
33 911
727 148
148 848
505 402
92 567
864 440
737 209
598 209
757 896
770 732
311 757
352 737
404 860
685 548
879 134
543 616
679 222
585 94
445 997
224 191
319 176
213 573
976 673
839 671
12 922
42 877
967 9
817 939
827 632
746 854
281 514
45 666
634 742
810 125
694 664
505 88
591 593
536 402
735 243
717 328
313 164
978 669
943 389
511 357
961 678
704 778
768 598
745 896
364 783
443 120
760 220
785 835
341 872
188 940
311 270
846 134
739 953
992 292
250 946
977 540
619 256
967 855
305 16
595 193
318 456
390 124
419 198
192 372
908 936
352 403
765 234
211 204
478 190
421 16
731 975
170 421
730 28
350 768
34 1
100 135
178 328
837 69
275 759
290 867
142 722
144 637
515 361
817 490
420 171
100 446
425 43
234 906
462 4
798 24
532 221
26 743
477 68
948 928
380 373
777 942
829 629
299 230
682 133
706 198
245 576
841 394
548 691
156 208
644 54
21 522
667 478
471 72
613 205
100 280
706 820
998 330
284 976
546 905
762 324
142 286
168 453
665 450
836 983
993 18
268 931
526 242
260 973
120 770
250 314
845 919
496 200
935 316
886 310
7 153
19 820
376 553
809 148
392 337
483 864
790 541
943 477
282 204
392 494
945 788
404 685
753 708
631 507
345 922
153 572
109 93
121 546
446 516
970 918
90 398
3 202
394 701
209 28
293 278
64 945
319 819
419 50
545 137
837 177
806 982
13 185
175 352
787 675
91 688
191 426
761 284
780 615
138 795
792 43
137 303
634 431
173 172
876 313
122 243
398 723
265 696
438 917
588 650
476 544
731 936
417 583
200 228
410 730
732 122
490 830
764 2
988 66
570 4
245 630
314 322
543 618
743 186
275 961
458 410
30 695
765 505
78 872
390 451
857 278
873 232
331 615
953 83
212 361
776 730
601 518
872 935
623 971
299 703
513 647
447 871
106 533
408 764
864 17
869 267
76 65
335 84
391 448
345 659
386 163
764 313
577 226
514 476
301 971
905 482
692 704
497 797
640 431
614 608
165 103
243 556
185 669
767 564
432 367
649 516
199 222
747 212
287 117
506 146
435 807
765 820
324 550
405 125
212 236
475 499
952 547
743 98
133 596
112 5
366 54
780 808
529 754
271 217
201 91
141 971
140 239
168 412
70 118
409 192
445 121
272 727
835 776
578 699
368 37
74 26
48 253
984 452
130 347
883 900
410 304
768 84
243 703
893 60
271 160
368 485
289 911
312 325
607 260
293 678
827 911
975 611
120 914
596 369
213 277
516 949
476 69
129 579
481 783
176 713
208 313
684 84
730 751
473 801
728 459
788 422
65 178
976 256
326 687
305 902
87 768
238 112
949 500
52 505
546 802
592 533
662 337
125 120
944 443
41 162
741 99
80 548
741 138
709 630
371 855
894 942
730 291
326 21
52 590
52 913
868 203
936 948
682 392
725 920
447 630
83 278
161 293
851 152
271 849
657 379
840 674
8 671
119 421
522 502
691 806
527 919
463 192
33 402
4 764
211 501
532 18
698 979
256 829
133 50
915 662
824 377
493 428
973 58
734 288
386 287
301 526
401 638
375 829
49 5
711 847
299 359
342 97
78 569
821 458
5 855
989 84
254 589
800 116
683 458
226 145
495 733
182 355
863 405
367 821
797 879
972 265
623 194
497 180
369 326
727 239
886 606
849 296
6 903
840 506
723 188
186 24
479 425
643 759
846 823
34 524
167 449
978 250
541 58
893 917
108 221
535 193
141 32
732 287
467 470
648 836
818 576
247 388
488 66
414 279
197 84
215 953
334 468
196 801
743 274
553 860
820 131
505 957
215 30
144 493
929 597
713 992
86 130
830 409
824 662
434 308
845 478
242 8
431 37
233 993
54 467
381 945
788 279
439 896
431 815
178 275
690 186
811 443
395 963
824 216
35 113
429 577
580 414
302 544
630 834
937 313
175 623
200 857
518 452
709 528
607 702
807 31
67 202
905 989
101 749
127 644
400 22
908 493
841 542
684 534
570 579
824 366
231 823
646 845
87 906
529 899
968 579
399 141
199 640
493 118
511 154
654 373
770 734
984 463
146 746
46 100
931 736
616 806
255 431
199 922
562 771
42 83
810 87
201 339
87 320
143 942
663 397
62 819
888 452
235 441
113 839
125 235
152 492
863 488
465 741
122 966
942 742
110 158
969 409
887 809
982 377
887 666
868 724
497 696
956 111
302 687
946 325
253 70
33 587
956 564
98 109
890 943
346 926
849 417
614 770
633 501
320 278
465 61
815 806
96 966
296 627
874 798
798 612
410 574
131 139
313 902
64 388
815 882
621 720
842 694
89 950
699 960
589 831
844 82
878 489
228 578
230 822
735 122
948 926
444 633
300 211
281 311
701 315
428 663
715 737
391 503
340 169
486 982
40 886
606 966
303 37
733 202
396 750
880 551
679 453
62 627
443 137
387 808
862 216
431 374
87 105
39 170
260 115
340 376
712 279
930 432
564 541
550 789
480 574
613 581
51 335
568 502
486 18
449 57
556 857
143 371
872 366
153 312
55 527
143 428
238 368
312 310
597 322
200 458
927 184
640 859
452 122
650 128
465 387
619 247
152 604
170 791
625 653
677 907
186 560
254 593
596 534
97 21
505 980
103 215
531 187
823 86
796 348
824 814
172 10
562 645
60 261
805 673
149 16
821 104
444 609
938 731
421 589
905 403
525 384
472 791
955 104
966 524
639 896
875 371
957 104
952 593
396 344
59 150
999 788
65 77
741 44
852 161
582 650
809 560
36 963
593 478
987 578
681 25
456 884
174 972
243 904
369 232
654 207
611 609
278 163
458 879
769 105
0 463
552 739
884 635
225 173
692 965
488 598
195 676
326 143
144 851
299 816
384 850
343 230
219 193
512 776
867 330
369 938
952 919
264 273
212 906
924 769
978 601
849 768
149 305
865 748
508 131
634 873
821 562
636 65
174 206
859 106
957 700
256 791
885 952
700 856
891 805
430 2
744 524
978 748
563 394
434 847
196 200
274 5
743 863
33 937
734 526
465 161
216 101
293 953
392 461
812 421
992 234
583 412
387 499
554 747
62 695
64 51
710 634
825 529
976 758
186 119
317 331
398 181
250 879
299 260
848 926
640 8
681 370
17 93
242 512
305 211
682 395
79 323
473 315
121 891
938 105
98 936
960 26
306 286
323 456
344 419
103 876
438 628
312 132
447 104
69 53
270 405
581 761
424 987
501 962
141 188
756 449
348 527
76 480
401 931
667 448
771 777
513 876
930 948
322 75
376 648
994 15
31 508
251 233
322 57
911 907
787 169
338 540
264 802
427 782
969 54
567 903
977 818
359 36
925 461
759 761
784 145
181 534
370 216
134 993
431 199
164 746
378 655
807 704
989 745
393 455
962 837
765 639
8 909
601 963
835 504
346 436
660 91
286 298
398 769
394 582
532 8
457 857
745 11
971 952
168 279
626 211
56 871
364 256
104 152
819 725
758 564
114 235
122 800
595 371
556 923
513 922
817 502
340 246
587 684
261 884
159 193
485 143
94 171
898 437
679 88
4 599
419 491
131 256
72 637
57 437
446 306
426 364
257 675
994 452
195 879
251 559
36 513
169 720
372 541
971 722
630 968
449 928
389 454
745 309
667 567
372 202
586 526
122 693
420 814
393 506
657 980
207 602
833 640
813 148
886 653
590 955
594 762
357 31
920 482
953 277
805 241
978 24
265 791
346 330
760 941
280 816
189 613
554 177
785 318
759 67
769 949
260 182
90 56
226 945
126 128
436 343
273 588
411 732
681 983
452 420
949 601
522 594
770 629
12 21
959 423
920 306
969 28
102 65
603 489
871 781
39 826
712 821
703 359
643 983
859 717
362 894
402 901
716 177
989 298
128 135
872 800
781 893
708 42
853 478
935 330
882 96
69 355
83 96
937 913
862 14
656 671
807 396
52 373
949 347
875 984
265 871
417 243
888 130
763 229
301 128
473 906
40 720
761 260
265 280
970 32
841 95
84 618
170 750
698 146
391 335
3 409
605 331
182 586
714 806
84 722
455 549
142 533
629 938
131 421
867 940
686 231
524 311
842 343
547 970
274 620
312 472
360 97
885 696
440 694
150 249
807 312
869 603
623 128
396 779
563 576
388 551
526 655
770 974
798 931
369 386
953 244
314 975
305 655
822 154
272 276
767 953
787 876
181 702
142 800
741 253
132 366
289 528
691 536
207 881
452 137
762 123
107 248
206 845
889 318
696 164
406 949
240 501
63 856
600 371
113 804
176 897
358 792
577 13
853 533
264 309
145 116
896 571
947 587
791 652
204 237
300 518
681 162
866 399
47 810
753 74
196 791
149 554
825 958
583 78
196 633
231 70
418 47
522 757
537 366
281 958
827 227
886 97
253 842
493 686
448 779
39 411
408 566
705 377
922 563
764 886
770 420
51 856
940 983
385 286
84 869
870 702
925 380
380 432
159 209
565 911
936 950
407 64
466 9
827 257
120 679
96 126
704 558
439 597
90 494
466 154
296 543
423 102
814 518
537 998
493 953
73 103
520 135
299 821
665 936
854 238
15 134
214 391
95 199
70 395
679 781
706 874
763 740
729 932
748 104
486 898
846 883
53 935
300 771
759 693
995 938
44 815
580 804
689 854
58 604
403 787
780 745
674 585
737 694
264 5
844 335
921 367
66 280
461 665
917 32
641 653
971 354
695 580
864 406
464 5
806 977
364 711
755 783
697 158
276 187
766 139
85 190
10 787
667 178
855 905
548 790
209 584
511 991
733 832
426 141
601 223
421 304
130 896
457 600
86 282
802 289
512 326
265 130
199 627
783 79
625 609
128 326
780 237
443 846
719 964
588 888
62 450
638 344
510 457
165 265
740 434
430 695
826 375
725 69
690 687
618 128
710 953
667 357
801 84
190 394
911 459
309 15
728 68
766 265
438 429
671 109
949 108
851 677
310 973
791 470
449 915
73 741
625 207
42 525
740 332
169 528
803 396
937 233
474 88
906 410
416 357
818 910
483 205
513 416
265 296
218 428
287 115
717 113
389 718
548 205
132 898
510 780
910 113
698 542
155 776
539 533
334 477
355 552
498 497
893 867
570 252
536 128
895 560
520 421
571 727
970 243
651 692
156 927
106 875
878 928
406 731
470 661
536 171
271 376
253 273
91 518
443 658
647 992
683 648
250 461
823 54
509 134
840 997
342 756
323 29
27 538
314 90
672 965
469 167
132 565
252 855
116 358
368 747
514 183
995 325
324 812
259 551
256 615
665 558
332 161
50 305
564 54
330 520
661 902
889 613
480 555
759 355
291 716
522 669
244 952
493 425
1 616
321 989
148 138
219 782
401 272
930 556
497 405
427 749
170 283
449 662
369 508
316 493
502 586
836 645
525 29
862 398
339 94
547 410
350 60
243 131
553 754
742 36
15 334
675 79
162 298
607 957
844 202
28 632
805 21
496 765
325 806
138 167
620 943
908 472
408 143
937 550
352 513
404 170
140 512
771 959
992 800
49 508
146 939
838 29
376 835
552 85
205 852
5 943
463 963
740 307
736 100
102 737
976 607
342 244
820 162
713 140
583 901
156 971
1 564
108 63
862 24
597 345
435 30
111 918
788 762
651 519
12 163
165 308
510 773
223 643
484 881
396 318
361 320
131 802
671 248
853 759
556 330
863 72
89 607
847 317
76 497
897 490
922 360
989 980
970 415
409 618
786 494
863 605
390 355
751 292
53 331
242 711
90 54
503 253
213 767
218 192
495 844
161 802
146 460
551 156
382 789
555 636
197 485
848 197
901 124
478 856
50 314
774 641
364 165
63 836
370 885
563 54
400 747
722 859
763 891
232 299
191 615
322 228
913 627
770 888
514 472
562 952
409 657
558 422
189 235
366 3
546 618
486 829
901 555
330 545
871 932
114 720
439 786
6 430
412 680
458 103
734 929
873 693
417 822
737 691
20 938
266 63
53 190
359 515
29 474
8 187
92 537
239 700
579 150
524 509
543 648
409 825
518 478
804 876
73 913
317 627
43 814
671 73
440 955
717 527
999 382
154 482
265 80
472 42
113 328
600 900
267 462
728 359
243 888
882 457
998 232
376 73
738 863
230 986
561 814
747 441
593 254
118 470
827 44
165 917
320 974
412 317
88 819
178 314
68 851
168 335
866 938
602 385
900 148
253 17
840 558
713 134
475 369
609 25
65 742
838 598
172 382
612 231
984 465
396 575
83 481
464 465
357 442
125 672
93 424
940 232
57 220
874 852
312 977
45 408
186 353
494 802
106 5
567 143
530 568
332 333
603 200
451 75
420 132
21 235
491 882
969 483
757 438
859 118
689 283
337 827
10 541
737 905
30 899
752 613
338 146
697 766
204 294
403 458
957 717
229 894
896 733
789 345
891 908
207 890
748 595
115 904
322 658
216 840
856 940
561 472
915 819
590 545
687 664
253 175
82 724
782 723
854 904
678 466
583 656
59 301
661 879
805 59
354 474
510 600
334 691
943 601
153 524
782 925
534 10
889 492
990 971
968 452
725 135
373 431
317 829
813 79
300 440
213 498
223 167
611 864
336 880
392 164
391 454
147 537
185 104
749 826
103 866
446 183
108 770
320 668
856 73
738 795
371 927
629 235
12 901
678 200
217 273
698 350
293 64
915 815
989 513
572 34
326 189
645 805
274 949
648 464
809 924
285 592
481 857
973 54
185 60
633 176
903 407
694 240
357 533
148 330
652 160
310 520
37 417
326 932
910 317
656 522
912 942
337 810
107 860
408 534
861 24
970 88
894 629
428 817
642 602
550 311
786 453
564 856
110 126
103 102
332 575
431 786
509 688
535 135
360 870
100 885
185 832
786 120
1 326
365 864
35 417
915 920
42 933
975 26
870 853
753 133
836 71
116 763
496 49
125 939
321 555
557 546
792 528
439 925
807 607
339 627
264 904
46 339
913 568
224 108
201 244
407 38
608 987
382 998
246 394
47 389
346 665
407 618
79 990
218 687
906 564
611 509
980 882
887 974
692 485
788 236
514 576
86 92
151 454
771 857
677 753
539 424
309 811
879 304
422 778
48 654
775 815
597 592
301 184
304 861
748 414
363 188
186 962
804 210
30 893
631 624
666 316
448 774
398 189
358 960
502 675
277 220
570 669
937 372
356 995
919 389
692 580
843 23
186 402
261 810
134 80
955 970
426 979
186 601
508 930
216 960
294 579
380 266
892 758
282 679
546 390
139 579
803 761
628 2
79 529
760 351
495 67
433 596
631 713
568 859
592 19
757 997
714 289
172 440
210 529
272 870
535 284
133 176
594 295
230 583
539 762
743 105
164 349
212 628
198 203
388 453
631 520
658 256
139 351
207 82
785 818
212 817
596 659
816 107
807 542
826 105
428 285
659 580
175 16
700 791
182 584
669 376
810 297
298 33
380 876
118 166
662 584
854 749
88 427
56 993
413 53
342 224
121 310
987 290
585 594
994 581
404 42
760 813
270 740
221 733
580 783
895 902
956 545
769 512
434 409
659 932
163 315
918 117
563 501
729 53
202 624
158 299
962 433
181 177
690 464
931 265
109 108
114 507
453 145
501 58
112 755
908 882
154 935
514 904
357 573
560 390
582 593
592 517
78 444
975 622
358 530
919 911
309 977
75 954
222 766
956 511
578 891
786 793
377 494
380 692
264 857
915 602
671 206
564 218
45 949
916 718
334 429
153 355
755 333
307 834
772 876
668 162
149 653
862 639
157 782
69 396
605 215
668 772
696 832
584 872
666 161
901 832
450 601
656 895
751 968
991 142
645 812
112 958
824 59
489 144
844 485
474 15
124 496
688 265
49 985
992 560
539 224
763 796
704 613
933 788
764 211
723 4
25 340
63 222
220 465
345 124
115 209
565 817
67 593
436 273
716 446
718 933
540 559
186 630
458 845
221 642
787 361
742 784
462 442
476 377
15 429
202 364
750 272
263 517
554 156
280 154
963 255
789 423
623 931
124 667
43 799
522 616
708 225
432 449
960 236
560 528
648 628
679 480
586 301
573 189
390 236
208 194
976 648
995 776
437 609
216 994
984 879
715 953
66 756
884 844
546 130
282 119
631 91
608 272
411 843
888 946
249 955
233 374
705 178
551 841
340 99
839 747
834 214
535 770
556 994
692 500
479 985
265 940
814 789
796 616
690 933
247 106
194 377
221 595
873 488
364 619
664 143
746 893
293 15
213 85
382 272
519 856
343 961
708 283
859 607
736 111
720 545
229 481
880 3
678 865
594 760
935 502
356 230
340 889
512 111
393 791
709 187
758 523
693 20
513 6
350 769
125 257
146 943
613 427
869 20
613 210
385 287
383 680
8 220
632 582
695 256
842 805
846 646
31 583
255 198
259 787
866 960
34 518
197 281
941 343
860 402
183 560
829 492
915 684
989 275
821 4
152 940
168 826
269 339
435 257
221 192
300 446
297 496
153 653
499 850
78 692
292 548
97 332
336 322
869 433
632 611
210 308
197 716
441 409
830 936
706 655
633 443
576 846
280 666
254 883
230 959
180 22
513 209
370 56
863 268
237 417
55 594
963 67
750 430
687 567
866 133
970 56
220 91
303 986
986 676
889 881
681 200
948 217
428 886
55 854
653 777
419 521
865 81
347 931
790 355
228 77
167 96
532 138
770 919
106 774
308 358
277 811
480 64
833 51
523 986
266 595
644 526
76 649
558 580
204 939
571 65
317 730
92 420
912 212
193 390
638 882
919 425
106 616
494 626
841 52
890 210
920 853
39 209
258 353
443 509
957 14
919 65
424 820
736 311
939 60
564 722
381 576
860 436
714 617
765 552
528 250
703 72
824 776
326 155
771 22
107 389
148 132
223 36
31 17
804 916
966 572
695 109
695 3
591 81
274 726
928 703
630 114
985 379
196 807
836 609
364 620
659 970
644 298
566 856
220 658
959 840
159 830
712 0
238 419
854 360
940 670
349 18
717 840
264 387
436 599
612 72
129 47
404 226
113 880
549 906
791 619
231 243
585 968
636 467
971 756
264 116
481 958
422 762
67 853
163 218
852 496
991 744
494 557
149 987
837 445
128 932
348 90
484 319
388 86
42 287
524 436
881 767
707 615
343 848
953 341
831 935
379 743
696 117
725 836
902 231
92 898
762 966
638 45
430 520
904 2
605 807
665 429
557 65
788 983
832 309
505 466
818 804
453 266
130 344
597 95
403 216
763 724
163 921
434 829
217 469
749 81
879 936
451 240
620 709
528 7
251 773
352 705
31 723
112 846
403 948
763 196
1 311
223 337
168 867
866 74
724 485
32 555
477 458
635 197
953 655
529 688
280 936
351 96
961 286
195 434
657 673
477 364
862 980
886 844
458 306
37 254
874 356
671 444
210 275
209 127
71 900
20 267
618 27
705 400
171 739
590 874
604 817
564 842
147 50
896 922
41 395
318 792
710 924
761 959
598 94
897 726
161 486
33 946
861 75
948 868
400 719
262 57
91 728
41 122
265 713
234 660
129 610
360 693
419 647
166 61
746 307
412 682
310 147
394 874
680 118
294 163
953 322
48 466
952 840
697 653
134 169
605 449
910 82
717 663
627 604
573 877
727 238
522 556
925 971
421 863
128 374
666 60
519 641
180 210
39 324
102 250
515 277
443 447
226 343
7 264
449 81
774 509
396 787
552 474
101 215
438 888
362 806
105 336
313 734
856 151
915 34
749 909
758 360
425 596
725 798
408 2
175 78
584 55
612 857
49 654
792 571
620 696
120 703
648 551
454 816
227 21
986 179
909 497
310 246
652 629
636 239
52 608
496 123
803 950
620 676
821 497
192 603
24 712
194 504
1 106
755 104
854 684
997 15
194 464
240 907
200 112
942 189
956 524
474 59
666 578
63 415
739 567
579 746
832 764
469 363
66 483
787 489
481 963
998 472
568 65
555 949
557 21
459 981
922 525
168 550
896 374
359 899
510 186
195 994
212 758
139 751
499 358
977 553
795 746
783 518
891 299
463 222
879 780
555 135
357 502
331 241
716 13
143 461
653 599
583 862
727 732
30 846
984 119
69 805
846 398
403 568
272 59
118 628
843 140
510 21
348 142
699 851
702 2
747 946
414 921
675 199
637 442
522 466
453 914
541 558
350 510
342 112
932 571
370 299
409 11
597 887
915 147
290 28
354 147
505 853
762 588
76 800
653 242
169 892
865 29
531 820
754 970
170 945
872 774
861 32
121 799
8 253
592 950
770 618
533 352
665 419
378 961
895 354
200 259
555 698
338 340
731 106
540 492
726 424
745 666
136 770
277 33
603 602
65 596
281 528
633 408
305 109
830 646
6 301
927 287
572 631
429 524
313 764
271 227
573 434
531 561
542 211
943 121
829 814
195 121
70 519
886 24
205 292
521 287
973 240
706 741
126 233
221 706
857 854
63 473
282 412
288 470
959 514
688 670
250 159
926 380
591 600
126 469
973 80
478 865
643 218
46 153
510 121
750 690
714 314
779 174
93 880
264 641
980 798
988 7
867 812
352 972
228 51
566 620
469 354
202 479
341 757
130 883
392 934
687 759
508 205
172 490
385 759
779 738
317 356
991 124
516 317
886 628
936 97
867 610
471 455
982 775
184 132
510 802
591 585
52 320
28 599
692 478
375 389
362 702
54 855
164 403
93 151
483 599
379 761
986 296
356 43
532 255
452 777
572 443
722 119
573 512
755 974
738 893
622 717
936 737
584 51
592 779
179 466
138 31
604 455
808 960
662 512
826 759
12 655
570 282
748 695
217 696
295 675
405 988
442 147
519 621
4 381
928 64
133 610
15 244
845 599
78 594
568 327
247 729
310 986
154 260
518 107
182 324
799 133
166 970
30 468
834 576
498 815
430 447
738 708
20 170
912 381
374 111
440 563
978 729
247 672
89 199
397 404
33 838
38 158
776 845
370 328
929 567
909 302
794 56
781 106
137 528
522 224
522 850
79 610
343 95
654 779
765 932
472 257
590 367
57 494
57 372
977 697
170 6
328 488
560 46
840 272
464 769
761 68
299 150
735 213
761 408
888 616
226 845
613 525
760 297
380 542
121 214
534 186
329 538
812 487
843 910
169 715
218 17
443 452
744 424
894 27
306 722
177 314
182 884
431 230
506 590
772 692
468 300
817 263
284 552
386 486
101 959
966 42
916 458
201 922
922 79
404 198
893 106
232 442
532 41
44 742
292 350
143 301
596 287
838 930
771 122
650 2
895 9
436 211
564 486
889 112
827 294
391 249
399 706
945 387
569 685
367 477
72 83
84 67
833 533
242 743
749 109
583 494
914 919
841 921
21 136
275 14
511 492
669 704
425 941
45 175
877 945
84 890
466 56
107 253
654 388
609 133
819 829
567 966
177 460
190 782
605 963
467 148
291 688
437 822
761 859
254 107
480 642
814 378
326 675
345 324
549 904
358 512
909 565
727 955
560 595
194 435
638 811
345 37
637 386
621 626
462 469
987 533
469 817
670 78
448 710
341 695
356 880
358 927
369 600
420 958
933 653
192 136
398 0
688 801
889 340
284 269
288 165
98 815
321 165
297 547
774 721
846 645
311 88
479 933
1 960
472 640
925 979
796 138
298 316
447 528
132 674
433 106
258 227
0 678
965 973
703 393
612 318
223 868
920 284
349 496
810 699
791 596
538 91
861 602
419 131
817 967
917 710
632 100
151 254
876 918
546 248
664 796
116 326
685 709
930 828
948 955
459 438
387 926
932 8
368 842
230 358
69 234
795 376
266 312
939 53
962 86
842 784
212 499
409 323
834 623
832 283
218 966
730 165
377 773
75 622
124 663
31 719
186 791
665 655
574 605
699 639
645 695
43 570
736 858
575 273
309 841
22 62
933 212
589 210
217 8
400 130
125 943
13 308
316 833
50 780
934 961
592 808
630 777
789 454
18 963
451 172
859 170
963 512
454 225
914 305
221 569
546 420
48 898
896 957
311 48
840 825
363 906
200 413
89 204
890 7
110 655
901 620
503 826
733 213
596 974
520 703
997 757
925 9
805 784
985 432
444 495
197 814
931 754
390 762
605 671
686 893
356 919
63 732
289 116
174 585
253 833
200 443
311 695
987 239
33 910
390 358
843 995
734 321
395 613
620 583
56 818
834 998
83 539
61 716
736 419
552 894
693 762
17 708
596 777
172 272
166 808
748 425
256 249
973 152
818 721
809 688
582 278
358 809
292 275
206 55
356 413
565 7
657 50
340 258
191 303
351 220
623 463
356 279
581 38
385 797
315 917
353 942
241 757
544 443
971 41
436 927
182 985
191 730
598 652
723 868
185 322
265 511
212 526
739 183
475 648
18 920
280 661
756 63
30 500
410 916
293 723
766 897
302 456
849 772
126 344
297 600
218 753
403 982
415 981
693 728
194 144
717 134
753 526
438 621
852 599
203 697
531 894
887 943
813 293
191 86
538 415
260 491
148 796
232 318
907 46
358 435
897 435
248 788
416 427
466 95
427 1
539 522
94 318
277 845
571 76
927 454
355 561
578 786
416 248
100 373
67 741
126 384
611 288
646 370
86 802
369 802
552 881
16 216
937 599
119 770
823 770
32 152
473 83
400 555
527 435
928 390
959 321
380 353
386 841
679 118
671 132
692 214
753 653
214 816
151 869
735 106
169 822
557 529
26 24
228 482
541 207
8 684
109 204
790 824
453 377
15 644
6 195
90 870
745 325
603 751
484 554
160 370
936 477
705 183
8 714
287 261
567 75
690 46
39 934
791 391
982 406
935 623
858 339
980 991
181 24
417 936
541 122
84 140
832 511
820 343
303 838
437 23
309 979
711 243
584 950
405 131
22 63
16 402
670 893
42 93
960 18
224 160
622 953
795 789
948 286
54 359
768 227
333 663
100 471
957 867
549 132
735 609
830 221
194 664
912 153
37 445
51 253
413 424
96 811
555 298
88 584
696 523
983 550
923 681
404 218
153 160
629 923
82 783
402 561
74 861
493 134
157 801
589 542
58 760
768 2
916 997
398 379
767 112
484 524
410 788
408 46
904 187
610 855
59 508
606 390
237 754
344 522
998 364
93 92
496 117
648 99
681 141
464 101
651 609
894 550
262 379
258 956
289 557
465 484
914 379
310 430
943 563
697 755
380 841
894 366
167 294
302 845
915 140
241 95
588 891
809 663
125 557
361 934
379 877
994 867
917 592
36 978
631 228
35 577
920 135
749 988
638 498
537 408
884 101
126 266
775 591
878 633
284 659
686 579
801 111
342 988
779 719
242 299
455 303
229 987
58 213
441 916
239 651
875 9
39 66
687 65
355 949
257 264
173 408
947 794
996 224
312 698
284 175
616 79
296 812
751 200
117 25
833 803
262 903
102 121
875 668
192 2
352 355
143 872
673 616
318 895
796 655
195 58
102 691
849 255
898 438
777 776
311 290
913 709
275 973
543 807
243 967
215 82
469 481
215 251
229 765
269 181
795 849
395 757
182 43
608 79
560 824
186 858
707 837
510 420
340 182
533 606
384 93
233 936
69 804
779 857
962 307
646 52
673 993
608 551
670 619
655 713
849 113
517 159
27 907
29 934
257 560
380 745
544 364
873 939
52 926
290 607
516 734
977 637
783 307
179 769
203 818
497 92
33 966
364 423
658 142
222 88
215 178
867 563
55 512
629 859
574 789
390 314
526 961
405 960
834 461
7 878
493 131
785 189
281 94
469 638
107 284
726 139
871 634
914 560
243 953
730 357
115 34
165 617
947 386
583 418
680 273
309 870
463 101
65 718
350 15
753 276
102 275
715 490
602 348
369 505
923 428
255 242
170 437
59 781
568 247
367 587
311 25
41 833
592 30
900 323
300 901
296 996
487 362
714 136
6 707
837 68
386 385
414 105
95 219
930 350
59 343
48 657
899 502
265 210
893 413
745 138
825 131
472 710
58 888
721 93
151 908
30 836
648 394
854 723
543 606
41 166
758 961
913 857
771 891
500 327
956 112
473 491
683 789
785 422
305 37
976 436
663 690
726 721
687 952
415 49
84 320
365 678
385 401
812 657
197 710
715 356
776 996
91 710
60 536
925 560
674 198
752 181
358 12
807 566
145 493
605 662
770 876
905 721
718 716
514 330
852 103
848 782
421 683
128 347
588 577
865 911
157 815
258 715
279 650
191 822
393 7
573 846
992 51
173 324
792 200
264 640
596 792
274 263
60 940
348 236
349 679
691 369
584 349
882 340
458 65
493 75
859 52
147 62
282 115
898 552
728 130
688 610
749 33
586 922
271 815
996 146
370 406
141 341
295 649
992 930
333 781
22 802
152 154
784 251
335 287
21 91
177 155
965 978
80 574
983 778
52 376
108 828
382 826
741 308
682 321
977 208
467 771
970 847
742 994
544 421
794 631
129 50
38 816
330 454
310 112
135 60
481 439
847 215
632 585
512 615
400 335
112 677
977 180
83 184
407 485
65 225
921 773
931 49
23 622
607 756
90 277
883 124
772 94
457 568
941 512
296 402
361 665
166 352
329 928
505 276
992 652
373 92
80 876
799 478
377 130
498 421
299 250
828 609
363 960
817 999
625 337
455 658
701 91
544 754
238 924
580 433
250 773
144 275
471 462
889 647
264 872
74 283
725 251
481 318
815 426
872 695
85 453
282 648
122 79
308 658
15 152
271 524
276 215
286 71
240 716
825 711
605 588
375 25
948 115
42 774
780 608
124 433
73 549
644 495
692 254
108 611
996 667
125 725
733 274
312 324
128 419
26 138
37 462
559 931
616 564
498 350
129 602
818 309
878 651
350 762
979 174
61 818
683 262
136 490
540 803
376 761
108 282
997 161
41 981
851 398
205 561
486 476
265 71
872 352
31 775
331 996
602 926
193 730
910 169
766 673
688 377
161 501
181 858
735 932
89 90
154 879
722 726
235 229
908 849
787 552
901 932
214 203
146 778
734 249
205 876
212 136
719 978
362 975
526 700
77 255
428 430
118 905
481 576
708 934
808 597
298 90
807 132
308 553
860 26
967 358
442 115
930 409
646 246
610 416
798 624
543 127
635 564
385 898
812 278
932 66
292 969
595 631
587 445
915 314
823 230
89 402
420 947
27 214
93 971
940 629
287 241
84 25
775 92
125 242
163 253
351 77
821 602
921 324
422 916
56 168
971 497
405 234
866 262
843 953
40 950
704 651
209 539
459 896
639 50
179 981
36 386
47 718
38 177
839 552
686 311
595 52
912 538
401 35
442 311
875 924
786 526
601 16
663 620
290 728
410 249
332 697
408 839
509 386
21 547
550 694
141 793
691 687
314 916
459 960
220 694
984 746
828 491
1 36
450 604
855 380
26 713
438 455
783 189
421 823
732 9
388 93
450 650
886 62
275 461
93 943
637 893
465 890
860 400
904 807
441 631
745 997
991 759
760 672
437 132
60 782
144 731
125 358
958 881
89 396
217 954
873 452
206 391
560 26
30 304
193 797
265 894
995 291
88 12
117 621
923 27
722 878
952 435
343 626
839 801
500 890
748 940
400 164
441 559
624 982
591 449
115 638
136 373
55 497
412 998
260 205
452 398
800 879
375 174
216 724
906 121
776 940
732 56
261 996
585 784
452 224
997 304
52 768
505 988
337 346
188 309
859 103
774 46
198 138
308 607
761 703
896 774
638 500
861 259
817 49
859 282
865 160
316 26
579 700
954 855
611 372
999 195
943 333
273 679
978 298
840 509
180 303
289 694
241 508
378 783
267 728
493 790
701 205
983 172
565 197
247 743
48 108
885 232
248 591
989 522
810 604
855 297
117 33
587 288
203 155
338 476
18 279
230 447
297 166
708 90
663 479
601 143
351 153
259 708
9 864
399 319
438 627
635 594
481 250
884 963
278 261
252 672
88 366
39 300
917 82
354 727
906 397
883 592
385 514
444 954
640 793
128 161
498 891
419 450
766 543
152 605
441 274
175 972
253 2
190 345
514 473
544 393
108 397
865 226
735 387
502 396
483 49
822 811
712 311
925 234
616 524
975 78
282 368
254 470
817 672
525 755
823 997
565 871
42 808
713 473
786 732
105 546
878 179
852 31
639 777
93 843
327 914
983 645
458 461
506 825
73 798
655 944
910 734
404 461
209 58
568 270
248 72
450 865
587 340
867 444
927 114
644 204
853 253
820 712
697 104
411 768
764 806
892 330
386 826
168 776
496 984
714 732
814 842
948 276
634 231
360 479
978 832
624 692
332 166
449 547
518 192
606 153
373 148
426 53
282 241
324 3
825 213
735 341
728 311
803 783
829 932
570 383
846 424
425 420
885 293
607 540
792 705
5 136
209 207
88 879
578 886
308 821
399 578
805 473
489 46
949 903
358 969
725 868
727 405
838 89
964 294
223 201
643 595
710 261
332 237
404 512
849 601
825 716
212 88
544 999
571 827
91 810
173 10
139 490
83 518
794 380
27 710
202 492
853 234
846 744
804 220
853 103
583 254
701 918
512 318
721 310
921 110
247 98
777 996
331 15
839 777
458 576
942 337
300 155
23 847
50 936
121 201
925 382
929 936
255 61
16 722
271 894
504 799
728 30
296 88
315 85
616 821
776 209
235 586
535 431
222 4
177 24
837 913
591 780
172 896
189 565
523 926
465 662
952 163
440 170
650 360
718 708
299 108
451 192
457 112
973 749
602 166
667 853
220 297
26 86
402 721
429 854
224 81
576 618
592 776
242 630
516 617
39 320
534 633
396 888
97 43
866 630
168 28
217 763
554 939
830 87
85 688
274 500
195 24
709 358
888 489
50 243
902 142
296 586
743 173
491 915
839 131
103 426
54 19
552 617
789 965
547 824
387 456
813 376
968 154
680 397
976 54
274 195
59 653
275 53
252 504
889 751
272 851
563 463
512 485
974 719
350 809
100 783
280 662
694 437
873 670
490 238
481 855
939 342
58 108
536 60
846 72
204 234
756 586
104 919
183 319
382 332
544 657
691 283
459 109
371 599
824 240
434 860
27 419
908 345
735 720
762 457
339 631
893 661
969 684
221 700
998 108
525 788
745 414
89 146
93 364
197 25
459 321
756 711
153 29
875 886
880 471
824 303
770 208
523 636
379 38
951 978
527 808
679 886
620 391
536 779
64 395
559 501
520 726
33 101
574 85
659 85
246 202
158 468
437 233
396 446
306 892
895 741
320 576
58 18
517 593
729 381
177 742
900 229
939 830
810 788
784 59
530 403
355 214
229 920
10 340
510 312
887 474
358 929
448 717
379 473
801 857
879 250
128 724
152 973
528 87
357 704
794 818
122 373
203 902
575 85
917 736
446 624
740 107
764 455
998 167
891 22
166 60
665 95
895 385
545 651
878 449
857 762
996 842
882 355
905 282
709 160
435 127
380 468
364 424
665 957
183 218
934 557
514 78
500 752
245 4
18 72
210 967
175 267
249 560
589 145
89 82
770 958
172 965
628 525
435 284
393 62
92 237
704 872
877 218
347 670
766 943
134 604
285 504
378 670
960 798
257 985
24 190
607 43
961 925
779 904
364 53
717 970
953 21
711 262
640 430
654 596
323 393
830 480
51 677
56 173
443 62
748 263
350 211
679 23
174 872
770 405
610 691
648 97
160 823
969 644
711 170
872 49
895 945
932 248
7 721
599 115
165 314
345 943
56 407
64 659
309 1
846 36
161 539
568 189
422 445
89 750
608 548
415 798
307 220
15 673
955 182
674 476
968 757
35 812
144 6
935 176
790 308
365 237
997 108
591 462
517 813
955 496
796 870
621 913
200 72
509 989
894 17
952 581
0 334
502 727
460 54
861 855
867 148
76 111
313 26
107 393
532 156
669 708
290 209
843 972
480 325
163 839
446 985
659 489
365 550
697 611
131 574
970 979
673 259
267 554
102 987
968 230
123 985
899 356
105 919
717 534
247 484
471 689
352 864
729 837
534 398
246 834
403 302
679 440
829 167
869 713
763 541
374 949
822 977
721 331
41 259
146 389
830 523
596 784
992 546
544 349
775 861
813 784
504 559
432 902
962 947
753 553
939 461
503 290
214 594
891 24
577 1
372 200
750 252
254 435
364 832
334 658
834 604
171 186
193 972
815 60
919 640
645 29
946 515
890 287
890 460
80 725
140 468
719 862
56 974
292 890
135 666
308 168
448 982
275 80
796 537
144 759
392 82
395 224
457 570
598 938
327 693
903 475
808 728
835 841
928 327
15 742
835 189
704 647
567 521
203 493
322 511
845 727
306 864
115 346
594 255
646 638
38 791
306 753
352 582
773 831
67 464
803 385
813 199
565 232
770 930
928 834
56 321
256 30
12 445
689 532
903 431
332 395
462 89
387 871
72 498
973 412
711 9
441 201
376 661
56 844
342 421
124 268
737 567
970 937
768 175
824 955
96 169
367 665
651 596
32 45
185 922
201 872
958 666
920 528
26 338
82 65
91 451
265 428
815 753
603 784
720 375
889 581
300 574
483 668
752 930
934 507
472 125
290 493
103 551
531 489
8 113
247 296
524 251
276 881
369 46
289 33
862 744
783 696
2 794
122 406
256 266
91 118
251 338
967 427
303 101
760 665
536 507
62 985
959 86
602 942
810 827
855 471
237 226
563 247
634 73
295 270
326 445
123 78
319 113
96 899
362 291
5 641
96 46
394 48
641 356
674 540
575 564
83 301
485 315
889 440
513 965
655 325
108 530
658 993
327 527
961 990
450 859
584 393
5 335
393 343
599 205
465 453
771 420
299 492
542 556
343 794
47 390
637 769
779 19
804 591
878 606
423 829
208 347
96 551
229 134
788 512
930 953
962 821
737 761
81 86
127 657
410 827
384 325
459 449
900 195
243 223
818 186
497 354
954 570
919 293
306 506
546 483
516 480
113 307
910 674
897 424
846 455
729 865
852 125
725 520
612 844
967 418
59 342
543 424
401 23
984 232
63 245
976 9
982 563
729 220
430 934
146 583
195 351
568 276
341 284
959 897
622 799
214 423
298 710
570 437
682 13
775 909
107 426
14 110
172 454
307 345
110 740
262 947
251 906
205 168
943 775
183 678
923 19
892 65
402 834
86 563
965 57
359 880
63 574
239 795
17 378
53 141
772 313
5 207
638 621
690 382
871 600
835 271
226 182
259 53
172 760
231 110
857 619
203 788
515 676
126 506
728 660
266 98
884 265
481 737
458 555
480 436
375 551
364 162
242 171
408 695
292 431
292 810
10 430
356 859
543 901
627 488
257 676
404 96
242 739
469 59
241 777
180 827
652 109
370 276
342 432
527 208
558 270
83 761
474 842
381 656
909 566
544 38
98 962
715 836
707 845
217 439
460 404
759 502
159 77
620 232
481 620
460 959
634 587
271 415
266 182
788 765
450 491
870 916
454 47
754 198
738 59
851 203
751 592
196 141
388 338
635 171
823 616
906 162
525 996
947 762
568 552
110 665
833 677
566 492
703 381
644 216
217 736
907 10
11 344
279 604
146 118
27 183
160 878
841 576
570 485
920 617
83 890
623 25
918 571
520 193
713 122
74 955
365 644
966 518
382 615
192 931
988 416
946 13
475 37
498 714
507 970
629 324
686 702
827 953
262 221
44 988
194 466
811 219
101 238
420 288
815 718
976 368
189 890
849 815
326 971
755 585
973 130
75 376
292 313
865 189
496 30
293 680
751 501
359 163
428 343
893 492
55 906
829 748
383 58
833 830
148 856
604 505
70 309
210 591
10 515
491 634
466 893
961 882
438 299
256 880
662 612
727 898
130 414
944 103
41 498
966 272
491 654
732 181
606 682
824 894
689 949
253 439
377 152
974 447
240 5
239 124
780 654
86 551
396 895
398 93
397 580
823 130
489 468
949 422
407 706
506 705
439 489
937 440
690 78
617 378
59 34
666 931
798 818
150 794
627 420
400 538
630 589
254 893
482 520
243 290
770 594
26 235
368 205
203 16
502 936
122 773
737 4
580 115
43 812
163 451
761 984
726 287
455 339
70 99
457 880
823 236
340 690
996 102
711 657
340 48
249 76
405 256
49 977
176 549
371 555
893 653
203 591
811 699
956 901
983 742
611 279
156 917
725 44
600 906
734 481
833 324
535 229
502 886
383 361
228 422
739 383
888 226
566 466
853 443
593 420
475 577
79 625
523 610
880 679
621 300
77 158
634 914
562 596
799 582
373 260
200 707
735 996
919 764
64 447
673 461
619 705
812 756
1 317
334 585
325 87
292 950
768 362
607 982
138 713
660 761
870 179
920 392
930 925
232 104
76 355
683 209
690 336
620 343
504 310
451 380
188 518
490 948
692 797
802 909
539 966
73 652
40 835
860 657
729 554
378 991
746 718
115 646
397 345
890 292
544 40
708 332
632 316
953 149
749 535
442 403
877 15
473 570
127 599
46 354
536 444
371 253
844 763
56 217
52 140
539 342
420 773
584 48
301 100
789 712
566 737
130 20
617 745
878 456
679 798
751 625
772 59
743 882
974 975
931 558
327 324
936 412
525 192
432 228
97 114
43 643
361 786
308 777
494 652
76 990
325 198
872 252
335 756
246 572
804 942
297 185
749 275
684 588
669 392
990 140
306 653
181 53
124 830
115 619
109 212
7 170
585 297
277 707
417 219
799 520
295 488
932 364
894 171
100 993
579 684
154 663
423 963
915 508
77 608
128 116
840 956
382 867
23 70
954 922
110 242
546 698
512 411
629 906
698 10
560 158
775 856
561 0
452 802
543 181
483 970
479 355
4 693
232 317
271 169
641 579
11 594
304 39
130 276
888 402
706 80
609 790
435 491
336 574
508 664
941 808
523 344
308 1
964 564
395 131
184 887
646 445
861 438
992 31
548 373
782 221
895 361
896 606
85 424
941 578
753 703
882 957
672 766
188 402
326 919
313 9
455 103
553 81
934 195
934 734
792 269
475 362
934 435
524 518
861 368
544 776
206 706
11 992
563 235
503 752
270 359
574 672
850 892
137 638
48 949
767 688
777 170
599 415
91 965
846 16
767 857
915 826
82 807
659 866
305 81
861 224
713 488
981 808
373 23
365 91
524 381
664 845
157 353
475 617
365 915
255 197
446 999
591 349
808 130
631 699
152 202
356 513
683 145
77 824
713 399
596 144
836 192
478 976
708 840
748 402
617 424
989 233
15 774
436 3
830 509
791 355
162 406
977 758
465 735
994 760
836 74
716 163
135 878
563 881
680 725
512 565
622 800
186 696
122 357
49 990
902 776
505 440
952 580
550 869
707 327
825 418
387 869
932 665
950 454
